17256
17257
18007
18009
18010
18011
18012
18038
18040
18063
18064
18082
18083
18102
18103
18125
18126
18161
18162
18346
18347
18427
18428
18429
18430
18431
18432
18433
18434
18435
18436
18437
18438
18439
18442
18443
18444
18445
18447
19036
19037
19038
19039
19040
19041
19042
19043
19044
19045
19046
19047
19433
19434
19435
19464
19465
19505
19506
19525
19526
19551
19568
19585
19602
19603
19617
19633
19663
19664
19681
19682
19683
19684
19686
19687
19688
19689
19690
19708
19709
19722
19723
19734
19761
19762
19763
19770
19771
19772
19800
19801
19802
19803
19810
19811
19812
19813
19844
19845
19846
19854
19855
19856
19857
19895
19897
19898
19899
19903
19904
19919
19935
19936
19937
19950
19959
19960
19961
19975
19979
19980
19981
19982
19983
19984
19985
19986
19987
20008
20009
20010
20011
20012
20013
20014
20015
20016
20023
20024
20025
20061
20062
20063
20064
20065
20066
20067
20068
20069
20070
20073
20074
20146
20147
20148
20149
20150
20151
20152
20153
20154
20155
20156
20158
20159
20160
20161
20164
20165
20166
20167
20168
20169
20170
20171
20172
20173
20174
20175
20176
20177
20178
20179
20180
20182
20183
20184
20197
20258
20259
20260
20261
20262
20265
20278
20280
20282
20283
20286
20296
20297
20298
20314
20315
20316
20317
20328
20329
20367
20368
20381
20382
20398
20399
20400
