19888
19892
19893
19895
19897
19898
19899
19900
19901
19902
19903
19904
19907
19908
19909
19910
19911
19912
19913
19915
19916
19917
19918
19919
19920
19921
19922
19923
19924
19925
19926
19927
19929
19930
19931
19932
19933
19934
19935
19936
19937
19938
19939
19940
19941
19942
19943
19944
19945
19946
19947
19948
19949
19950
19952
19953
19954
19955
19956
19958
19959
19960
19961
19962
19963
19964
19965
19967
19968
19969
19970
19971
19972
19975
19979
19980
19981
19982
19983
19984
19985
19986
19987
19988
19989
19990
19991
19992
19993
19994
19995
19996
19997
19998
19999
20000
20001
20002
20003
20004
20005
20006
20007
20008
20009
20010
20011
20012
20013
20014
20015
20016
20017
20018
20019
20020
20021
20022
20023
20024
20025
20026
20027
20028
20029
20030
20031
20032
20033
20034
20035
20037
20038
20039
20040
20041
20042
20043
20044
20045
20046
20047
20048
20049
20050
20051
20052
20053
20054
20055
20056
20057
20058
20059
20060
20061
20062
20063
20064
20065
20066
20067
20068
20069
20070
20072
20073
20074
20075
20076
20077
20078
20079
20080
20081
20082
20083
20084
20085
20086
20087
20088
20089
20090
20091
20092
20093
20094
20095
20096
20097
20098
20099
20100
20101
20102
20104
20105
20106
20107
20108
20109
20110
20111
20112
20113
20114
20115
20116
20117
20118
20119
20120
20123
20124
20125
20126
20127
20128
20130
20131
20132
20133
20134
20135
20136
20137
20138
20139
20140
20142
20143
20144
20145
20146
20147
20148
20149
20150
20151
20152
20153
20154
20155
20156
20158
20159
20160
20161
20164
20165
20166
20167
20168
20169
20170
20171
20172
20173
20174
20175
20176
20177
20178
20179
20180
20182
20183
20184
20185
20186
20187
20188
20189
20190
20191
20192
20193
20194
20195
20196
20197
20198
20199
20200
20201
20203
20204
20205
20206
20207
20208
20209
20210
20211
20212
20213
20214
20215
20216
20217
20218
20219
20220
20221
20222
20223
20224
20225
20226
20227
20228
20229
20230
20231
20232
20233
20234
20240
20241
20242
20243
20244
20245
20246
20247
20248
20249
20255
20256
20257
20258
20259
20260
20261
20262
20265
20266
20267
20268
20269
20270
20271
20275
20276
20278
20280
20281
20282
20283
20286
20287
20288
20289
20290
20291
20292
20293
20296
20297
20298
20299
20300
20301
20302
20303
20304
20305
20306
20307
20308
20310
20311
20312
20313
20314
20315
20316
20317
20318
20319
20320
20321
20322
20323
20324
20325
20326
20327
20328
20329
20331
20332
20333
20335
20336
20337
20338
20339
20340
20341
20342
20343
20344
20345
20346
20347
20348
20349
20350
20351
20352
20353
20354
20355
20356
20415
20416
20417
20418
20419
20420
20421
20422
20423
20424
20426
20427
20428
20429
20430
20431
20432
20436
20437
20438
20439
20440
20441
20442
20443
20444
20445
20446
20447
20448
20449
20450
20451
20453
20454
20455
20456
20457
20458
20459
20460
20461
20462
20463
20464
20465
20466
20467
20468
20469
20470
20471
20472
20473
20474
20476
20477
20478
20479
20480
20481
20482
20483
20484
20485
20487
20488
20489
20490
20491
20492
20493
20494
20495
20496
20497
20498
20499
20500
20501
20506
20507
20508
20509
20510
20511
20512
