19407
19408
19482
19483
19484
19485
19486
19487
19488
19539
19540
19541
19576
19577
19609
19610
19611
19638
19639
19640
19641
19642
19648
19649
19650
19651
19652
19653
19674
19675
19676
19677
19678
19680
19692
19693
19720
19721
19740
19746
19747
19748
19784
19785
19786
19787
19788
19825
19826
19827
19828
19829
19830
19831
19868
19869
19870
19871
19872
19938
19939
19948
19949
19967
19968
19998
19999
20000
20001
20002
20003
20004
20005
20006
20007
20017
20018
20019
20020
20021
20022
20026
20027
20028
20072
20079
20080
20081
20082
20083
20084
20085
20086
20087
20088
20089
20090
20091
20092
20093
20094
20095
20096
20097
20098
20099
20100
20101
20102
20104
20105
20106
20107
20108
20109
20110
20111
20112
20113
20114
20115
20211
20212
20213
20214
20215
20216
20217
20218
20219
20220
20221
20222
20223
20224
20225
20226
20227
20228
20229
20230
20231
20232
20233
20234
20240
20241
20242
20243
20244
20255
20256
20257
20290
20291
20292
20293
20299
20300
20301
20302
20303
20310
20311
20312
20313
20318
20326
20327
20331
20332
20333
20335
20336
20337
20338
20339
20340
20341
20342
20343
20344
20345
20346
20347
20348
20349
20350
20351
20352
20353
20354
20358
20374
20375
20388
20389
20413
20414
20415
20416
20417
20418
20419
20420
20421
20422
20423
20424
20426
20427
20428
20474
20476
20477
20478
20479
20480
20481
20482
20483
20484
20485
20487
20488
20489
