18346
18347
18427
18428
18429
18430
18431
18432
18433
18434
18435
18436
18437
18438
18439
18442
18443
18444
18445
18447
18564
18565
18566
18568
18569
18570
18571
18572
18573
18574
18575
18576
18577
18578
18579
18580
18581
18582
18583
18584
18585
18586
18587
18588
18590
18686
18687
18688
18690
18691
18692
18693
18694
18695
18696
18697
18698
18699
18700
18701
18702
18703
18704
18705
18706
18707
18708
18709
18710
18711
18713
18714
18715
18716
18717
18718
18719
18720
18858
18859
18860
18861
18862
18863
18864
18865
18866
18867
18868
18869
18870
18871
18872
18873
18874
18875
18876
18877
18878
18879
18880
18881
18882
18923
18924
18925
18926
18927
18928
18929
18930
18931
18953
18954
18955
18956
18957
18958
18989
18990
19895
19897
19898
19899
19903
19904
19919
19935
19936
19937
19950
19959
19960
19961
19975
19979
19980
19981
19982
19983
19984
19985
19986
19987
20008
20009
20010
20011
20012
20013
20014
20015
20016
20023
20024
20025
20061
20062
20063
20064
20065
20066
20067
20068
20069
20070
20073
20074
20146
20147
20148
20149
20150
20151
20152
20153
20154
20155
20156
20158
20159
20160
20161
20164
20165
20166
20167
20168
20169
20170
20171
20172
20173
20174
20175
20176
20177
20178
20179
20180
20182
20183
20184
20197
20258
20259
20260
20261
20262
20265
20278
20280
20282
20283
20286
20296
20297
20298
20314
20315
20316
20317
20328
20329
